2.473109759721094
0.4664936711368184
0.4952162113978963
0.4932353465523048
0.5298813461957491
0.9676524770714894
0.4456945902581067
0.4694649684052057
0.4456945902581067
0.5427569676920944
0.5269100489273617
1.058772259968702
0.5090822653170375
0.5061109680486501
0.4952162113978963
0.5863359942951093
1.206346690965275
0.6645801556959768
0.5457282649604818
0.5011588059346711
0.597230750945863
0.6041637779054335
1.476734742388527
0.6239724263613493
0.6655705881187727
0.5833646970267219
0.6853792365746885
0.6675514529643642
1.619357011271121
0.6616088584275895
0.8349345324168531
0.6556662638908147
0.7289582631777034
1.610443119465959
0.7715468573579225
0.7408434522512529
0.8567240457183607
0.8042311273101837
0.8537527484499733
1.762969712576511
0.8656379375235227
0.764613830398352
0.8180971812293247
0.7111304795673792
0.7448051819424361
1.541112849870253
0.7606521007071687
0.7893746409682467
0.7705564249351267
0.7190539389497455
1.279638690252164
0.6477428045084485
0.6437810748172652
0.592278588831884
0.6625992908503853
0.7131113444129706
1.133054691678387
0.7051878850306044
0.6348671830121031
0.4803597250559595
0.9726046391854685
0.3100053483350831
0.5893072915634966
0.3109957807578789
0.2693976190004556
0.2693976190004556
0.3813164827763801
0.663589723273181
0.3416991858645485
0.2703880514232514
0.2872254026107798
0.2575124299269061
0.3397183210189569
0.5387952380009112
0.2971297268387378
0.272368916268843
0.2347324842026028
0.2307707545114197
0.382306915199176
0.4456945902581067
0.2832636729195967
0.1990769169819543
0.2258185923974407
0.2307707545114197
0.3971634015411129
0.1951151872907712
0.1782778361032427
0.1723352415664679
0.1871917279084048
0.2228472951290533
0.3387278885961611
0.1554978903789395
0.1495552958421647
0.1366796743458194
0.1594596200701226
0.1990769169819543
0.1228136204266783
0.1218231880038825
0.1079571340847414
0.1059762692391498
0.1584691876473268
0.1743161064120595
0.1109284313531288
0.1109284313531288
0.09706237743398768
0.09310064774280451
0.1059762692391498
0.1416318364597984
0.1297466473862489
0.08913891805162133
0.1000336747023751
0.1079571340847414
0.1257849176950657
0.1178614583126993
0.07824416140086762
0.09012935047441713
0.09310064774280451
0.08814848562882555
0.1228136204266783
0.04754075629419804
0.2951488619931462
0.09310064774280451
0.1020145395479667
0.1208327555810867
0.1138997286215162
0.09012935047441713
0.104985836816354
0.09706237743398768
0.1168710258899035
0.1416318364597984
0.08913891805162133
0.07725372897807183
0.1039954043935582
0.09310064774280451
0.09805280985678347
0.1287562149634531
0.1069667016619456
0.1376701067686152
0.08913891805162133
0.08814848562882555
0.1376701067686152
0.1495552958421647
0.09805280985678347
0.09409108016560029
0.1148901610443119
0.1406414040370026
0.1614404849157142
0.1069667016619456
0.1277657825406572
0.08814848562882555
0.138660539191411
0.1436127013053899
0.1535170255333478
0.09310064774280451
0.133708377077432
0.1138997286215162
0.1465839985737773
0.1356892419230236
0.1594596200701226
0.1465839985737773
0.1743161064120595
0.1406414040370026
0.1970960521363628
0.1980864845591585
0.1505457282649605
0.1723352415664679
0.138660539191411
0.1346988095002278
0.2713784838460472
0.1832299982172216
0.2178951330150744
0.1584691876473268
0.1723352415664679
0.2327516193570113
0.2812828080740051
0.1961056197135669
0.1921438900223838
0.1723352415664679
0.16243091733851
0.1069667016619456
0.7061783174534001
0.2367133490481945
0.1941247548679754
0.2159142681694828
0.2347324842026028
0.3684408612800349
0.2535507002357229
0.243646376007765
0.2218568627062576
0.2446368084305608
0.3862686448903591
0.401125131232296
0.2535507002357229
0.3001010241071251
0.3060436186439
0.2129429709010954
0.4229146445338035
0.4239050769565993
0.2287898896658281
0.3020818889527168
0.248598538121744
0.2862349701879841
0.4407424281441277
0.4486658875264941
0.2476081056989481
0.2188855654378702
0.3139670780262663
0.4506467523720857
0.353584374938098
0.3456609155557316
0.1604500524929184
0.2060099439415249
0.1951151872907712
0.3783451855079928
0.2941584295703504
0.1852108630628132
0.1287562149634531
0.1812491333716301
0.1733256739892637
0.3228809698314284
0.2109621060555038
0.1693639442980806
0.1455935661509815
0.1554978903789395
0.2327516193570113
0.167383079452489
0.1119188637759246
0.1327179446546362
0.1327179446546362
0.1039954043935582
0.1772874036804469
0.1446031337281857
0.07923459382366341
0.09409108016560029
0.1406414040370026
0.1138997286215162
0.1495552958421647
0.1208327555810867
0.08616762078323396
0.291187132301963
0.07329199928688866
0.08616762078323396
0.08121545866925499
0.06833983717290969
0.07725372897807183
0.07032070201850128
0.05843551294495177
0.1020145395479667
0.07032070201850128
0.08022502624645921
0.07329199928688866
0.07329199928688866
0.09111978289721293
0.07824416140086762
0.06833983717290969
0.05546421567656439
0.07428243170968445
0.06140681021333914
0.08022502624645921
0.07824416140086762
0.06140681021333914
0.08517718836043817
0.07428243170968445
0.07527286413248024
0.07527286413248024
0.07428243170968445
0.06140681021333914
0.07428243170968445
0.07923459382366341
0.1416318364597984
0.07725372897807183
0.0673494047501139
0.08913891805162133
0.07428243170968445
0.07329199928688866
0.1138997286215162
0.07329199928688866
0.07527286413248024
0.07824416140086762
0.08319632351484659
0.07329199928688866
0.0673494047501139
0.07032070201850128
0.09310064774280451
0.07725372897807183
0.07428243170968445
0.09805280985678347
0.07923459382366341
0.07230156686409286
0.08319632351484659
0.07824416140086762
0.07032070201850128
0.08022502624645921
0.05942594536774756
0.07230156686409286
0.05843551294495177
0.06635897232731811
0.07230156686409286
0.09310064774280451
0.2188855654378702
0.04258859418021908
0.0396172969118317
0.05546421567656439
0.09310064774280451
0.06437810748172652
0.04555989144860646
0.07725372897807183
0.05744508052215597
0.06041637779054335
0.104985836816354
0.09012935047441713
0.0673494047501139
0.06933026959570549
0.07131113444129707
0.07230156686409286
0.1307370798090446
0.07923459382366341
0.07923459382366341
0.08913891805162133
0.1020145395479667
0.1495552958421647
0.1069667016619456
0.1119188637759246
0.1158805934671078
0.1327179446546362
0.1356892419230236
0.2178951330150744
0.1703543767208763
0.1604500524929184
0.2802923756512093
0.1446031337281857
0.2753402135372304
0.1644117821841016
0.1733256739892637
0.1762969712576511
0.1842204306400175
0.1832299982172216
0.3813164827763801
0.1683735118752847
0.2050195115187291
0.2129429709010954
0.2198759978606659
0.2347324842026028
0.4526276172176772
0.248598538121744
0.2287898896658281
0.2287898896658281
0.2416655111621734
0.5110631301626289
0.2852445377651883
0.2585028623497019
0.2277994572430323
0.2575124299269061
0.238694213893786
0.4555989144860646
0.2793019432284136
0.2693976190004556
0.3139670780262663
0.2268090248202365
0.03862686448903591
